[ROOM]
;room001=001.002.00001.A
;room002=001.002.00002.99
room001=1022
room002=80105
room003=91206A
room004=255.008.189.a
room005=001.002.00005
room006=001.002.00006
room007=001.002.00007
room008=001.002.00008
room009=001.002.00009
room010=001.002.00010
room011=001.002.00011
room012=001.002.00012
room013=001.002.00013
room014=001.002.00014
room015=001.002.00015
room016=001.002.00016
room017=001.002.00017
room018=001.002.00018
room019=001.002.00019
room020=001.002.00020
room021=001.002.00021
room022=001.002.00022
room023=001.002.00023
room024=001.002.00024
room025=001.002.00025
room026=001.002.00026
room027=001.002.00027
room028=001.002.00025
room029=001.002.00026
room030=001.002.00030
room031=001.002.00030.A


 